81 116 27
52 112 46
1734763876 39 0
88 46 4
117 78 31
92 42 26
81 72 15
121 51 25
81 38 28
57 52 33
57 60 25
33 79 46
68 101 4
59 124 40
119 45 3
83 34 41
81 96 25
44 90 45
47 87 9
64 78 41
65 49 21
105 65 29
77 78 7
75 86 29
99 95 11
80 54 27
100 118 18
1869507948 70 0
68 49 2
81 98 45
79 48 8
59 45 49
55 85 47
1667391808 63 11
94 122 17
993671480 91 49
57 125 47
110 49 31
1061043516 73 3
43 110 16
112 34 31
93 97 43
52 56 42
102 111 12
126 38 48
54 90 47
118 46 11
124 76 35
93 36 29
54 78 44
86 98 37
110 113 8
106 66 26
122 84 26
1667391808 73 12
99 111 50
57 42 14
118 41 41
76 48 8
104 78 12
92 109 1
70 85 39
1061043516 55 43
80 92 39
63 122 25
1734763876 118 15
47 105 29
108 53 18
1802135912 1734763876 28
67 63 19
33 69 5
44 106 49
82 96 15
116 74 44
67 50 12
44 71 15
73 69 4
70 101 2
119 77 2
100 92 2
59 54 26
52 49 12
1061043516 58 10
100 123 40
68 87 41
36 97 25
60 126 14
93 39 32
73 62 35
119 118 27
85 86 29
1061043516 123 38
93 44 38
102 107 25
89 62 13
89 102 50
102 112 14
33 76 7
80 58 38
54 34 48
117 56 22
97 53 15
93 51 34
126 46 42
124 93 8
119 84 7
121 38 13
1869507948 83 20
58 38 32
40 53 3
54 45 44
108 42 1
93 118 40
103 44 27
83 52 19
73 65 38
99 69 6
1802135912 123 12
33 77 31
119 70 5
108 101 1
1734763876 76 40
116 64 21
71 121 32
108 46 27
124 125 41
46 84 40
111 56 50
96 56 29
122 42 40
75 84 36
44 118 18
80 69 30
83 53 27
55 38 27
82 118 4
106 76 46
80 46 19
104 109 5
88 76 48
65 45 27
39 50 24
46 66 21
92 84 38
1667391808 80 6
118 96 15
78 41 45
1802135912 89 49
43 44 9
50 112 36
103 62 8
79 69 3
111 52 16
111 90 39
61 111 15
125 47 25
100 46 38
82 42 2
68 42 12
46 113 26
1667391808 107 9
39 119 27
91 65 48
85 98 21
61 100 14
118 122 24
48 40 17
47 70 17
58 101 24
118 89 22
123 77 26
80 75 49
108 48 25
79 46 20
111 109 40
103 54 24
96 45 18
108 62 15
68 86 8
1869507948 114 29
94 116 21
82 40 5
120 98 12
92 87 39
1734763876 47 18
60 53 48
1734763876 79 12
54 107 19
70 38 10
93 74 27
120 107 48
102 76 7
74 42 17
47 122 20
39 102 20
59 67 44
33 125 27
41 107 39
99 107 21
71 62 0
117 110 23
69 56 40
1667391808 47 20
82 71 1
50 55 47
93 75 23
58 62 29
33 122 19
47 56 26
50 105 6
79 85 39
79 40 30
87 56 1
101 51 29
1802135912 111 43
103 76 35
47 101 40
40 41 35
60 33 27
993671480 80 24
54 77 25
122 66 39
76 112 10
120 111 38
68 113 47
39 115 48
96 86 16
103 96 5
124 120 33
62 51 21
119 111 50
1734763876 84 36
69 66 23
63 95 4
87 34 46
73 111 36
115 87 38
93 110 38
993671480 62 18
88 79 27
1667391808 122 4
38 95 12
39 38 45
54 115 25
50 121 31
59 49 34
100 66 6
38 84 27
67 49 37
88 122 4
73 82 26
58 46 44
1802135912 99 4
59 69 43
86 69 45
80 68 9
1734763876 116 27
97 69 49
118 84 11
99 83 26
104 45 41
39 111 14
36 84 14
104 67 17
993671480 47 34
1802135912 83 8
33 38 26
58 114 30
96 91 2
103 108 41
61 88 7
58 119 24
103 33 25
124 78 11
123 90 8
108 78 50
49 107 29
126 111 11
58 92 41
72 77 9
1734763876 80 40
60 102 47
75 114 31
94 71 50
80 114 11
93 123 46
120 78 29
97 37 35
1869507948 122 37
82 115 47
118 101 15
116 70 9
111 78 40
33 83 3
91 122 4
47 66 31
93 104 41
99 114 24
88 40 49
105 45 28
105 98 37
59 92 2
81 80 49
118 48 49
37 56 8
40 37 1
60 89 12
103 83 45
118 77 34
117 66 7
96 53 7
100 113 38
47 79 11
108 52 42
36 121 31
41 69 25
44 117 27
75 113 50
1802135912 66 43
123 87 42
89 37 3
58 66 41
1869507948 99 10
72 58 9
112 51 5
993671480 56 36
119 117 49
57 47 28
43 71 11
103 94 0
46 107 23
47 55 38
118 108 40
1802135912 56 20
92 108 0
102 66 32
83 41 15
60 74 20
43 35 0
106 85 31
36 47 12
1734763876 111 24
50 122 21
33 119 33
63 34 11
123 85 39
1667391808 106 48
104 68 12
80 62 49
47 63 38
1802135912 40 28
81 48 2
90 112 40
72 125 3
1734763876 72 37
993671480 69 6
33 94 2
52 84 28
35 117 33
103 90 10
114 46 4
119 48 16
75 52 36
61 48 20
1667391808 61 43
52 37 33
99 58 21
89 87 22
73 113 19
50 102 1
50 87 48
61 82 49
36 118 33
50 110 9
105 120 31
65 107 23
94 55 49
76 98 14
104 64 11
74 49 45
1802135912 33 9
123 91 43
35 96 30
108 85 23
69 113 4
79 66 43
67 90 37
99 113 33
125 75 24
993671480 63 32
72 79 8
124 44 19
59 87 24
63 120 16
1802135912 108 37
75 97 46
54 97 49
58 52 18
125 78 7
88 83 14
115 45 38
89 109 43
1061043516 113 48
1667391808 68 17
74 66 40
1869507948 108 1
124 62 20
1802135912 53 34
103 100 35
59 73 49
38 110 28
99 106 1
92 96 9
93 82 48
74 52 24
125 64 35
61 84 3
61 45 34
65 113 20
43 50 10
99 65 35
62 101 2
67 58 20
115 88 45
1734763876 59 24
72 48 46
43 119 15
96 85 19
34 66 8
99 74 11
122 34 34
60 118 30
59 71 2
124 40 38
993671480 82 22
47 37 33
102 108 1
90 62 20
102 46 9
37 66 34
114 87 9
1061043516 112 34
67 121 9
993671480 124 28
41 66 27
116 76 33
86 34 33
50 98 34
71 64 19
102 52 37
73 38 16
993671480 39 15
72 95 15
81 45 43
124 39 35
60 69 27
59 55 8
88 87 43
78 53 35
99 43 29
57 65 49
112 86 3
1869507948 102 19
112 109 1
88 34 27
105 108 47
102 45 10
106 90 13
100 50 32
100 62 3
73 67 6
65 37 21
82 119 47
124 107 34
98 66 39
70 109 24
115 79 43
1869507948 117 0
103 70 25
70 86 24
49 41 9
43 56 2
33 123 37
73 76 43
75 51 32
1734763876 94 44
122 101 17
48 113 45
55 113 2
79 114 45
94 66 1
114 38 5
115 89 24
68 39 32
42 51 48
75 96 11
103 93 22
94 111 11
87 42 5
118 66 30
60 54 31
100 121 1
106 69 38
54 117 15
50 64 4
125 122 24
68 78 1
108 109 4
55 48 23
57 34 48
124 42 7
79 64 23
67 35 32
80 115 28
58 63 40
39 64 16
88 42 23
121 122 34
35 63 15
100 75 42
99 44 20
100 120 4
102 49 48
125 110 48
120 86 22
64 45 12
59 86 20
42 56 24
100 39 11
106 121 22
91 113 26
42 53 36
59 89 26
39 113 35
88 102 5
47 92 31
94 40 4
118 79 40
43 41 15
65 98 13
106 46 15
47 88 47
73 90 46
54 86 4
104 88 8
38 62 41
47 114 37
62 34 36
123 111 21
94 74 1
76 45 44
36 62 9
105 91 5
99 34 23
90 110 44
93 121 49
44 42 22
50 53 27
106 37 34
1734763876 57 37
93 102 1
72 115 28
63 121 12
126 114 29
54 109 50
61 63 44
36 44 35
54 74 32
96 108 47
1061043516 106 19
117 89 49
82 112 35
57 115 47
115 78 49
96 97 38
1667391808 101 46
94 56 4
39 74 31
70 41 4
993671480 36 27
91 95 48
105 79 14
1061043516 118 45
126 40 21
38 122 25
44 86 49
1869507948 71 33
117 37 38
61 125 40
55 122 1
50 92 6
1061043516 100 0
119 41 41
1667391808 34 8
81 46 30
64 101 39
60 114 2
124 99 26
90 87 50
49 95 50
57 98 42
54 46 46
36 65 37
76 56 13
58 120 13
39 52 15
108 74 6
61 114 31
103 122 7
121 98 0
37 45 13
94 45 29
100 49 17
36 43 27
77 56 9
61 79 37
67 110 9
91 42 4
57 120 19
60 66 0
89 85 32
61 120 0
58 51 31
33 58 33
91 112 30
61 80 24
71 101 32
71 42 43
1869507948 60 47
102 64 34
1869507948 97 49
91 108 43
107 42 23
94 92 23
43 75 1
92 52 39
80 67 38
57 80 4
41 113 16
88 85 46
1734763876 58 30
48 53 22
125 114 20
81 99 6
1734763876 35 43
69 101 41
80 47 33
106 126 18
1061043516 35 8
47 107 11
35 120 50
116 42 22
58 77 15
123 71 14
125 90 2
67 118 39
104 53 33
124 108 19
105 102 49
125 77 5
1061043516 63 33
97 64 31
47 91 6
106 116 27
123 42 45
37 98 16
67 102 28
74 114 21
71 109 20
33 102 16
1734763876 40 15
62 98 31
59 66 14
85 53 24
80 51 26
60 71 9
111 107 18
118 52 35
122 107 38
33 78 33
50 91 41
118 37 49
1667391808 58 3
119 71 38
115 38 46
74 69 20
76 114 27
124 85 26
44 102 16
123 62 3
63 70 49
52 41 1
105 74 27
60 38 33
75 101 4
993671480 126 49
114 56 39
60 70 32
59 106 10
106 71 27
50 95 33
1667391808 67 13
33 34 48
76 109 10
105 51 37
104 125 7
116 53 29
93 34 4
61 37 2
100 65 3
50 86 23
65 46 42
1667391808 89 23
72 46 44
103 47 22
48 62 4
72 52 22
102 41 47
79 95 19
1734763876 95 42
60 45 41
81 95 17
124 80 8
102 70 37
35 86 13
79 111 23
1869507948 1802135912 39
33 89 19
117 108 47
70 53 29
99 123 49
1061043516 61 11
48 49 2
52 40 44
45 51 38
60 47 32
120 52 16
91 76 50
94 95 42
84 98 40
36 76 44
110 69 50
44 45 44
1734763876 106 22
100 119 24
96 65 37
122 95 20
88 86 8
1734763876 55 49
79 56 29
1734763876 48 33
95 42 1
80 38 45
125 85 0
123 125 27
123 113 24
1869507948 73 48
119 78 40
57 107 25
116 78 44
117 65 39
61 101 16
123 53 23
88 71 34
64 42 28
112 37 26
123 114 35
59 115 3
87 51 23
57 55 3
35 121 9
105 107 10
44 96 23
114 40 27
1667391808 104 10
33 88 38
39 44 14
126 87 23
1869507948 41 46
1869507948 40 0
43 94 4
111 69 5
74 78 7
33 70 34
50 88 17
67 89 18
61 119 11
1061043516 90 34
83 37 21
77 41 34
75 62 27
72 71 50
79 84 20
61 65 33
103 119 11
93 47 13
1802135912 110 12
44 120 15
97 84 18
115 34 40
123 75 5
68 34 10
126 70 15
72 60 3
60 77 9
993671480 71 8
122 53 49
60 64 47
1869507948 116 38
93 89 42
993671480 84 20
104 113 36
78 51 25
107 53 30
1667391808 51 4
77 34 2
61 117 26
120 101 45
54 88 0
67 53 17
114 122 14
48 56 29
72 109 24
72 89 11
81 62 10
77 64 35
106 70 33
61 66 35
89 38 48
103 117 44
74 37 39
47 118 1
81 101 12
92 89 21
56 109 42
1734763876 88 2
116 56 16
80 105 45
120 96 13
43 122 46
68 122 34
105 71 37
54 42 41
1061043516 86 8
100 35 34
104 108 4
95 86 20
126 78 42
80 50 29
119 108 40
97 90 25
103 92 45
40 69 34
81 94 25
1734763876 98 7
100 115 3
80 44 9
106 48 28
96 42 21
78 95 11
55 83 29
73 105 7
1061043516 34 43
57 71 36
33 66 38
117 96 17
63 38 32
44 64 44
123 88 22
100 101 1
74 110 27
126 121 14
55 64 44
54 55 44
106 107 28
119 47 22
118 111 49
1667391808 64 32
80 33 48
61 43 0
90 45 12
67 43 5
1667391808 55 27
83 38 20
59 104 11
1667391808 120 2
88 116 31
59 77 5
81 119 45
73 98 7
102 37 31
65 101 29
1061043516 77 38
89 101 45
75 110 25
102 110 40
58 70 16
58 118 39
122 41 13
126 112 33
1667391808 87 0
101 66 20
90 84 24
81 65 45
65 69 10
76 84 24
120 70 47
1667391808 60 3
103 91 2
61 62 9
103 107 37
49 101 2
79 37 50
83 107 3
63 110 42
103 87 12
1734763876 64 48
60 112 48
84 87 12
48 84 11
92 46 17
124 46 21
48 109 18
61 123 11
1061043516 43 15
1734763876 103 11
82 113 4
97 111 7
1802135912 41 12
82 74 43
82 90 14
99 62 28
94 48 16
1734763876 41 0
94 126 18
92 110 36
117 112 28
80 86 15
39 118 40
1734763876 77 31
124 33 49
68 90 39
121 56 32
1667391808 65 20
80 35 5
108 65 20
1802135912 82 12
33 46 42
1802135912 61 20
115 40 46
105 52 45
68 58 13
102 101 13
92 74 30
120 51 26
92 112 20
1802135912 69 40
103 115 39
93 53 46
105 112 13
33 53 0
59 117 5
103 65 34
43 108 13
120 121 12
1869507948 90 0
115 116 16
88 70 19
60 94 35
1869507948 61 1
57 56 37
116 62 45
35 97 42
105 89 43
80 123 7
104 49 4
124 81 13
1802135912 46 12
68 89 20
49 42 14
104 120 28
72 100 31
50 45 49
119 101 1
49 87 25
39 105 18
93 40 25
80 112 40
120 89 34
94 38 41
80 119 20
57 62 28
1802135912 115 2
92 76 12
126 85 43
117 55 23
67 97 13
119 121 5
54 35 48
81 111 48
