66 73 3
73 67 1
67 78 7
78 83 2
83 84 10
84 81 7
81 65 2
65 71 1
71 80 6
80 75 8
75 70 2
70 74 1
74 76 2
76 77 3
77 79 3
79 69 1
69 68 5
68 82 7
82 72 10
72 66 8
70 71 39
68 75 76
73 71 95
76 65 66
84 76 61
71 82 82
66 65 35
71 74 60
79 76 20
77 82 74
75 81 16
80 65 47
69 76 28
83 75 71
80 67 24
70 83 27
82 71 26
73 72 69
81 75 56
82 66 81
74 71 89
67 76 13
80 78 67
71 77 77
77 68 56
74 67 47
78 75 57
70 81 38
70 82 60
84 83 17
76 69 24
70 79 76
71 73 23
65 75 86
81 70 96
73 74 52
80 72 21
74 68 96
77 67 37
72 70 60
65 69 34
77 81 64
77 66 27
76 81 71
73 77 28
77 71 11
84 67 31
70 75 22
79 75 53
75 80 15
72 79 23
78 69 29
68 80 39
67 66 69
74 78 66
70 84 36
80 83 95
66 80 62
79 82 18
76 75 18
72 84 30
77 65 25
67 65 70
66 71 100
68 79 22
83 79 28
72 73 96
77 76 16
66 72 56
73 83 67
70 73 37
77 75 41
82 77 41
67 81 66
84 69 54
81 76 96
84 79 29
82 75 22
79 67 97
73 84 12
83 80 48
78 77 52
66 83 96
70 65 62
71 69 55
81 71 40
77 74 18
81 67 18
66 75 81
67 75 19
67 69 25
76 72 42
68 69 47
83 69 41
71 79 27
78 76 82
79 80 11
69 83 88
68 72 93
69 74 80
67 82 44
65 68 64
73 65 82
76 73 58
84 74 58
67 71 91
81 73 27
84 82 64
74 82 15
78 79 88
68 66 48
69 78 55
75 67 51
80 74 99
82 65 11
68 81 55
67 84 75
84 71 11
82 81 93
73 70 48
84 72 21
77 69 59
81 79 34
66 74 89
69 65 52
70 69 67
82 83 24
79 81 87
79 84 79
81 78 36
73 81 62
72 81 92
73 80 97
68 84 20
65 83 35
78 73 37
72 83 56
72 76 65
67 72 72
76 67 47
74 70 94
82 74 81
70 77 80
78 72 31
70 67 60
67 74 14
75 77 44
73 82 14
71 65 91
80 77 97
69 81 31
69 70 35
70 78 57
73 78 34
82 67 23
83 71 28
65 79 88
66 78 23
78 82 45
74 73 26
82 70 20
73 68 57
75 71 18
65 67 43
73 76 57
84 78 27
79 72 43
75 84 63
77 84 22
80 68 90
71 76 44
81 82 77
77 80 81
68 74 26
77 72 96
76 66 79
71 78 26
71 75 53
79 70 47
72 68 92
78 70 95
72 69 50
72 74 67
76 74 41
81 84 11
69 71 22
73 66 25
66 68 90
68 67 23
72 77 67
81 68 60
67 77 56
80 70 97
75 69 34
67 79 27
80 79 60
66 67 11
76 82 64
65 77 37
70 72 41
68 76 11
69 72 64
67 80 27
68 71 21
71 81 33
68 78 79
66 70 45
76 83 64
72 78 32
68 65 60
69 84 50
74 80 19
80 82 14
83 66 26
66 82 83
72 75 61
80 84 45
71 84 83
76 80 17
72 65 92
84 73 97
65 73 80
83 78 35
75 78 50
70 80 50
69 66 87
81 77 81
78 68 95
74 77 54
74 79 13
77 83 96
81 80 29
82 73 50
71 66 47
69 79 36
81 69 65
80 66 38
71 67 74
66 81 16
74 84 65
65 81 19
80 71 30
75 72 32
69 75 96
68 70 17
82 76 81
68 73 39
74 83 19
75 74 68
72 82 85
68 83 35
84 80 62
83 68 83
78 84 66
66 76 79
67 68 57
71 72 20
75 65 38
80 76 22
83 76 67
69 73 16
65 78 79
74 72 50
76 68 100
83 77 14
84 65 37
83 67 97
73 79 15
65 80 30
75 82 93
79 78 78
82 80 23
84 75 17
81 74 63
65 70 71
76 78 89
83 70 60
83 72 53
83 74 95
66 79 34
67 83 93
65 66 95
76 71 62
84 66 65
72 71 95
83 82 98
71 83 24
65 76 22
70 68 16
82 79 38
68 77 30
66 69 95
77 73 93
75 68 28
76 84 95
79 73 85
69 67 49
69 80 57
84 77 76
79 77 64
71 70 44
78 71 47
72 80 63
66 77 34
78 74 79
79 71 78
75 83 95
71 68 81
74 75 22
84 70 11
74 81 85
81 83 88
67 73 29
80 81 77
70 66 87
65 74 95
83 81 87
80 73 23
75 73 69
77 70 94
66 84 42
75 76 91
79 83 81
74 66 72
74 65 14
69 77 58
82 78 48
78 67 70
67 70 58
69 82 93
84 68 47
65 82 79
78 80 83
75 66 86
76 70 94
83 65 54
79 65 36
78 66 32
81 66 16
82 84 58
82 68 17
79 74 85
83 73 23
76 79 73
78 81 58
75 79 64
65 72 95
73 75 33
80 69 24
79 68 95
82 69 90
81 72 20
70 76 40
78 65 84
79 66 60
74 69 28
73 69 75
65 84 97
77 78 23
72 67 73