93 98 116
116 125 104
104 73 116
116 34 53
53 125 93
93 97 34
34 97 34
34 73 73
73 34 34
34 98 97
97 53 53
53 63 73
73 98 93
93 104 34
34 125 98
98 53 104
104 97 73
73 63 97
97 98 63
63 98 125
125 73 97
97 125 93
93 116 97
97 73 63
63 116 98
98 104 104
104 53 98
98 34 98
98 116 104
104 98 93
93 63 125
125 104 116
116 93 73
73 116 97
97 104 125
125 93 73
73 104 125
125 97 116
116 63 116
116 97 63
63 93 53
53 34 53
53 93 63
63 97 34
34 63 53
53 98 34
34 93 63
63 34 63
63 73 63
63 125 73
73 125 98
98 97 104
104 63 125
125 98 93
93 73 98
98 63 73
73 97 63
63 104 104
104 116 53
53 104 93
93 53 125
125 116 125
125 63 104
104 125 116
116 53 97
97 34 98
98 125 125
125 53 116
116 73 125
125 34 0