93 98 27
116 125 8
104 73 17
116 34 14
53 125 22
93 97 18
34 97 29
34 73 11
73 34 1
34 98 12
97 53 3
53 63 23
73 98 6
93 104 21
34 125 4
98 53 26
104 97 19
73 63 21
97 98 11
63 98 25
125 73 7
97 125 11
93 116 5
97 73 12
63 116 27
98 104 24
104 53 22
98 34 17
98 116 4
104 98 17
93 63 9
125 104 9
116 93 15
73 116 3
97 104 19
125 93 9
73 104 29
125 97 20
116 63 9
116 97 2
63 93 28
53 34 2
53 93 16
63 97 29
34 63 9
53 98 13
34 93 7
63 34 29
63 73 3
63 125 21
73 125 27
98 97 14
104 63 26
125 98 6
93 73 13
98 63 16
73 97 7
63 104 8
104 116 30
53 104 21
93 53 25
125 116 13
125 63 14
104 125 6
116 53 25
97 34 4
98 125 17
125 53 10
116 73 12
125 34 20
